Cost fn: y = 5x + 10
Before trauma
Path ((2, 3), (2, 0)) => [(2, 3), (2, 2), (2, 1), (2, 0)]
Path ((3, 0), (0, 1)) => [(3, 0), (3, 1), (2, 1), (1, 1), (0, 1)]
Path ((3, 2), (0, 0)) => [(3, 2), (2, 2), (1, 2), (0, 2), (0, 1), (0, 0)]
Path ((3, 3), (1, 0)) => [(3, 3), (2, 3), (1, 3), (1, 2), (1, 1), (1, 0)]
Number of trauma edges 4
Time taken by LP 0.0373532772064209s
After trauma
Path ((2, 3), (2, 0)) => [(2, 3), (3, 3), (3, 2), (3, 1), (2, 1), (2, 0)]
Path ((3, 0), (0, 1)) => [(3, 0), (2, 0), (1, 0), (0, 0), (0, 1)]
Path ((3, 2), (0, 0)) => [(3, 2), (2, 2), (2, 3), (1, 3), (0, 3), (0, 2), (0, 1), (0, 0)]
Path ((3, 3), (1, 0)) => [(3, 3), (2, 3), (1, 3), (1, 2), (0, 2), (0, 1), (1, 1), (1, 0)]
LP solution cost 125.0
