Grid dimensions 4.0 4.0
Total number of nodes 16.0
Total number of edges 24.0
Cost fn: y = 5x + 10
s-t pairs: ((1, 3), (2, 0)), ((2, 3), (0, 1)), ((0, 0), (0, 2)), ((1, 0), (3, 0)), ((3, 3), (3, 2)), ((0, 3), (3, 1)), 
Paths before trauma
Path ((1, 3), (2, 0)) => [(1, 3), (2, 3), (1, 2), (1, 1), (2, 1), (2, 0)]
Path ((2, 3), (0, 1)) => [(2, 3), (1, 3), (2, 2), (2, 1), (1, 1), (0, 1)]
Path ((0, 0), (0, 2)) => [(0, 0), (0, 1), (0, 2)]
Path ((1, 0), (3, 0)) => [(1, 0), (2, 0), (3, 0)]
Path ((3, 3), (3, 2)) => [(3, 3), (3, 2)]
Path ((0, 3), (3, 1)) => [(0, 3), (0, 2), (1, 2), (2, 2), (3, 2), (3, 1)]
Runtime of LP 0.0526273250579834Paths after trauma
Path ((1, 3), (2, 0)) => [(1, 3), (1, 2), (0, 2), (0, 1), (1, 1), (1, 0), (2, 0)]
Path ((2, 3), (0, 1)) => [(2, 3), (1, 3), (0, 3), (0, 2), (0, 1)]
Path ((0, 0), (0, 2)) => [(0, 0), (0, 1), (0, 2)]
Path ((1, 0), (3, 0)) => [(1, 0), (2, 0), (3, 0)]
Path ((3, 3), (3, 2)) => [(3, 3), (3, 2)]
Path ((0, 3), (3, 1)) => [(0, 3), (1, 3), (2, 3), (2, 2), (3, 2), (3, 1)]
Number of trauma edges 4
Number of edges whose capacity was increased 4
Cost of LP solution 45.0
